0 19 20
1 19 20
2 18 20
3 19 21
4 18 21
5 19 22
6 18 22
7 19 22
8 18 23
9 19 23
10 18 24
11 19 24
12 18 25
13 19 25
14 18 25
15 19 24
16 18 24
17 19 24
18 18 24
19 19 23
20 19 23
21 19 23
22 18 22
23 19 22
24 19 22
25 19 22
26 19 22
27 19 22
28 18 21
29 19 21
30 18 21
31 19 21
32 19 21
33 19 21
34 18 21
35 19 21
36 18 20
37 19 21
38 18 20
39 19 20
40 18 20
41 19 20
42 19 20
43 19 20
44 19 20
45 19 21
46 18 20
47 19 20
48 19 20
49 19 20
50 19 20
51 19 20
52 19 20
53 19 20
54 19 20
55 19 20
56 18 20
57 19 20
58 19 20
59 19 20
60 19 20
61 19 20
62 18 20
63 19 20
64 18 20
65 19 20
66 18 20
67 19 20
68 18 20
69 19 20
70 19 20
71 19 20
72 18 20
73 19 20
74 19 20
75 19 20
76 19 20
77 19 20
78 19 20
79 19 20
80 18 20
81 19 20
82 19 20
83 19 20
84 18 20
85 19 20
86 18 20
87 19 20
88 18 20
89 19 20
90 19 20
91 19 20
92 18 20
93 19 20
94 19 20
95 19 20
96 19 20
97 19 19
98 18 20
99 19 19
100 19 20
101 19 19
102 18 20
103 19 19
104 18 20
105 19 19
106 19 20
107 19 19
108 18 20
109 19 19
110 19 20
111 19 19
112 18 20
113 19 19
114 18 20
115 19 19
116 18 20
117 19 19
118 19 20
119 19 19
120 19 20
121 19 19
122 19 20
123 19 19
124 18 20
125 19 19
126 18 20
127 19 19
128 18 20
129 19 19
130 18 20
131 19 19
132 18 20
133 19 19
134 18 20
135 19 19
136 18 20
137 19 19
138 18 20
139 19 19
140 18 20
141 19 19
142 18 19
143 19 19
144 18 20
145 19 19
146 18 19
147 19 19
148 18 19
149 19 19
150 19 19
151 19 19
152 18 19
153 19 19
154 18 19
155 19 19
156 18 20
157 19 19
158 18 19
159 19 19
160 18 19
161 19 19
162 18 19
163 19 19
164 18 19
165 19 19
166 18 19
167 19 19
168 18 19
169 19 19
170 18 19
171 19 19
172 18 19
173 19 19
174 18 19
175 19 19
176 18 19
177 19 19
178 18 19
179 19 19
180 18 19
181 19 19
182 18 19
183 19 19
184 18 19
185 19 19
186 18 19
187 19 19
188 18 19
189 19 19
190 18 19
191 19 19
192 18 19
193 19 19
194 18 19
195 19 19
196 18 19
197 19 19
198 18 19
199 19 19
200 18 19
201 19 19
202 18 19
203 19 19
204 18 19
205 19 19
206 18 19
207 19 19
208 18 19
209 19 19
210 18 19
211 19 19
212 18 19
213 19 19
214 18 19
215 19 19
216 18 19
217 19 19
218 18 19
219 19 19
220 18 19
221 19 19
222 18 19
223 19 19
224 18 19
225 19 19
226 18 19
227 19 19
228 18 19
229 19 19
230 18 19
231 19 19
232 18 19
233 19 19
234 18 19
235 19 19
236 18 19
237 19 19
238 18 19
239 19 19
240 18 19
241 19 19
242 18 19
243 19 19
244 18 19
245 19 19
246 18 20
247 19 19
248 18 20
249 19 20
250 18 20
251 19 21
252 18 21
253 19 22
254 18 23
255 19 23
256 18 25
257 19 27
258 18 29
259 19 31
260 18 31
261 19 30
262 18 29
263 19 27
264 18 26
265 19 25
266 18 24
267 19 24
268 18 24
269 19 23
270 18 23
271 19 23
272 18 23
273 19 23
274 18 22
275 19 22
276 18 21
277 19 21
278 18 20
279 19 20
280 18 20
281 19 20
282 18 20
283 19 20
284 18 20
285 19 20
286 18 20
287 19 20
288 18 20
289 19 20
290 18 20
291 19 20
292 18 20
293 19 20
294 18 20
295 19 20
296 18 20
297 19 20
298 18 20
299 19 20
300 18 20
301 19 20
302 18 20
303 19 20
304 18 20
305 19 20
306 18 20
307 19 20
308 18 20
309 19 20
310 18 20
311 19 20
312 18 20
313 19 20
314 18 20
315 19 20
316 18 20
317 19 20
318 18 20
319 19 20
320 18 20
321 19 20
322 18 20
323 19 20
324 18 20
325 19 20
326 18 20
327 19 20
328 18 20
329 19 19
330 18 20
331 19 20
332 18 20
333 19 20
334 18 20
335 19 19
336 18 20
337 19 19
338 19 20
339 19 19
340 19 20
341 19 19
342 19 20
343 19 19
344 19 20
345 19 19
346 19 20
347 19 19
348 20 20
349 19 19
350 20 20
351 20 19
352 20 20
353 19 19
354 20 20
355 20 19
356 20 20
357 19 19
358 20 20
359 19 19
360 20 20
361 19 19
362 19 20
363 19 19
364 19 20
365 19 19
366 19 20
367 19 19
368 19 20
369 19 19
370 19 19
371 19 19
372 19 20
373 19 19
374 19 19
375 19 19
376 19 19
377 19 19
378 19 19
379 19 19
380 19 19
381 19 19
382 19 19
383 19 19
384 19 19
385 19 19
386 19 19
387 19 19
388 19 19
389 19 19
390 19 19
391 19 19
392 19 19
393 19 19
394 19 19
395 19 19
396 19 19
397 19 19
398 19 19
399 19 19
400 19 19
401 19 19
402 19 19
403 19 19
404 19 19
405 19 19
406 19 19
407 19 19
408 19 19
409 19 19
410 19 19
411 19 19
412 19 19
413 19 19
414 19 19
415 19 19
416 19 19
417 19 19
418 19 19
419 19 19
420 19 19
421 19 19
422 19 19
423 19 19
424 20 19
425 19 19
426 20 19
427 19 19
428 20 19
429 20 19
430 20 19
431 20 19
432 20 19
433 19 19
434 20 19
435 19 19
436 20 19
437 19 19
438 20 19
439 19 19
440 20 19
441 19 19
442 19 19
443 19 19
444 19 19
445 19 19
446 19 19
447 19 19
448 19 19
449 19 19
450 19 19
451 19 19
452 19 19
453 19 19
454 19 19
455 19 19
456 19 19
457 19 19
458 19 19
459 19 19
460 19 19
461 19 19
462 19 19
463 19 19
464 19 19
465 19 19
466 19 19
467 19 19
468 19 19
469 19 19
470 19 19
471 19 19
472 19 19
473 19 19
474 19 19
475 19 19
476 19 19
477 19 19
478 19 19
479 19 19
480 19 19
481 19 19
482 19 19
483 19 19
484 19 19
485 19 19
486 19 19
487 19 19
488 19 19
489 19 19
490 19 19
491 19 19
492 19 19
493 19 19
494 19 19
495 19 19
496 19 19
497 19 19
498 19 19
499 19 19
