0 18 18
1 18 18
2 18 18
3 18 17
4 18 17
5 18 17
6 18 18
7 18 18
8 18 18
9 18 18
10 18 19
11 18 18
12 18 18
13 19 18
14 18 18
15 19 17
16 18 17
17 19 17
18 18 17
19 18 17
20 18 17
21 18 17
22 18 18
23 19 17
24 19 18
25 19 17
26 18 17
27 18 17
28 18 18
29 18 20
30 18 23
31 18 27
32 18 29
33 18 30
34 18 30
35 18 28
36 18 26
37 18 24
38 19 22
39 23 21
40 27 21
41 32 20
42 33 21
43 33 21
44 32 21
45 29 20
46 27 20
47 25 20
48 24 19
49 23 19
50 23 19
51 23 18
52 23 18
53 23 17
54 23 17
55 23 17
56 22 17
57 22 16
58 21 16
59 21 17
60 20 17
61 20 18
62 19 19
63 19 19
64 18 19
65 18 19
66 18 19
67 20 19
68 24 19
69 29 18
70 35 18
71 39 18
72 40 18
73 40 18
74 38 19
75 35 18
76 32 19
77 30 18
78 28 19
79 27 18
80 27 18
81 27 18
82 27 18
83 27 17
84 27 18
85 26 17
86 25 17
87 24 17
88 23 17
89 22 17
90 21 17
91 21 17
92 20 18
93 20 18
94 19 18
95 19 18
96 18 18
97 18 17
98 18 17
99 19 17
100 20 18
101 21 17
102 21 18
103 21 17
104 21 18
105 21 18
106 20 18
107 21 18
108 24 18
109 28 18
110 32 18
111 34 18
112 34 18
113 33 18
114 31 18
115 29 18
116 27 18
117 26 18
118 25 18
119 24 18
120 24 18
121 24 18
122 24 18
123 23 18
124 23 18
125 23 17
126 22 18
127 22 17
128 21 17
129 21 17
130 20 17
131 20 17
132 19 18
133 19 18
134 18 18
135 18 19
136 18 20
137 18 21
138 19 21
139 19 21
140 19 20
141 20 20
142 20 20
143 20 19
144 20 19
145 20 19
146 20 19
147 20 19
148 19 19
149 19 19
150 19 19
151 19 19
152 19 19
153 20 18
154 20 18
155 20 18
156 20 18
157 20 18
158 19 18
159 19 17
160 19 18
161 19 18
162 19 19
163 19 19
164 19 20
165 19 20
166 19 20
167 19 19
168 19 19
169 19 19
170 19 19
171 19 18
172 20 19
173 22 18
174 23 19
175 23 18
176 24 19
177 23 19
178 22 19
179 22 19
180 21 19
181 21 19
182 20 19
183 20 19
184 20 19
185 20 18
186 20 18
187 20 18
188 20 18
189 20 18
190 20 18
191 20 18
192 19 18
193 19 18
194 19 19
195 19 18
196 18 19
197 18 18
198 18 18
199 18 18
200 18 18
201 18 18
202 19 18
203 20 18
204 23 18
205 27 18
206 32 18
207 38 18
208 41 18
209 43 18
210 42 18
211 40 18
212 37 18
213 34 18
214 32 18
215 30 18
216 29 18
217 28 18
218 28 18
219 28 18
220 28 18
221 27 18
222 26 18
223 25 18
224 24 18
225 23 18
226 22 19
227 22 19
228 21 21
229 20 22
230 19 22
231 19 22
232 19 21
233 18 20
234 18 20
235 18 19
236 18 19
237 19 18
238 20 19
239 22 18
240 25 19
241 28 18
242 29 19
243 29 19
244 29 19
245 28 18
246 26 18
247 25 18
248 24 18
249 24 18
250 24 18
251 24 18
252 24 18
253 23 18
254 23 20
255 23 26
256 22 32
257 22 38
258 21 40
259 21 40
260 20 38
261 20 35
262 19 32
263 19 29
264 19 26
265 19 25
266 18 24
267 18 24
268 18 24
269 19 24
270 19 24
271 19 25
272 19 27
273 20 31
274 21 33
275 22 35
276 23 38
277 25 40
278 28 41
279 31 40
280 33 38
281 34 35
282 33 33
283 31 31
284 29 29
285 28 28
286 31 28
287 36 27
288 42 27
289 47 26
290 49 26
291 48 25
292 44 27
293 41 30
294 37 33
295 34 35
296 31 36
297 29 35
298 28 33
299 28 30
300 27 28
301 26 26
302 26 24
303 26 24
304 25 24
305 24 24
306 24 24
307 23 24
308 22 24
309 22 23
310 21 23
311 20 22
312 19 21
313 19 20
314 19 20
315 19 19
316 20 19
317 24 18
318 28 18
319 32 18
320 33 19
321 33 20
322 31 21
323 29 21
324 27 21
325 25 21
326 24 21
327 24 20
328 24 20
329 24 19
330 24 19
331 24 19
332 24 19
333 24 19
334 23 20
335 22 20
336 22 20
337 21 20
338 20 20
339 20 19
340 19 19
341 19 19
342 19 22
343 19 27
344 18 32
345 18 35
346 18 37
347 19 36
348 19 34
349 19 31
350 20 28
351 20 26
352 20 24
353 20 23
354 19 23
355 19 23
356 19 23
357 19 23
358 19 23
359 19 23
360 21 22
361 24 21
362 27 20
363 29 20
364 29 19
365 28 18
366 27 18
367 25 17
368 24 17
369 23 17
370 22 17
371 22 17
372 21 17
373 22 18
374 21 19
375 22 20
376 21 21
377 21 21
378 21 21
379 21 20
380 20 20
381 20 19
382 19 20
383 19 21
384 19 22
385 18 23
386 18 23
387 18 23
388 18 23
389 18 22
390 18 22
391 19 21
392 19 20
393 19 20
394 19 20
395 19 20
396 19 20
397 19 19
398 19 19
399 19 19
400 19 19
401 19 19
402 18 19
403 18 18
404 18 18
405 19 18
406 19 18
407 19 18
408 19 18
409 19 17
410 18 18
411 18 17
412 18 18
413 18 18
414 18 18
415 18 18
416 18 19
417 18 18
418 18 19
419 18 18
420 18 18
421 18 18
422 18 18
423 18 18
424 18 18
425 18 18
426 19 18
427 19 18
428 19 19
429 19 19
430 19 19
431 19 19
432 19 19
433 19 19
434 19 19
435 18 18
436 18 18
437 18 18
438 18 18
439 18 18
440 18 18
441 18 18
442 18 19
443 18 18
444 18 19
445 18 18
446 18 18
447 18 18
448 18 18
449 18 17
450 18 17
451 18 17
452 18 17
453 21 17
454 25 17
455 30 17
456 33 18
457 34 18
458 33 18
459 31 18
460 28 18
461 26 18
462 25 18
463 24 18
464 23 18
465 23 18
466 23 18
467 23 18
468 23 18
469 23 18
470 24 18
471 27 18
472 30 18
473 32 18
474 32 18
475 31 18
476 29 18
477 27 18
478 25 18
479 24 18
480 24 18
481 26 18
482 31 18
483 36 18
484 40 18
485 41 17
486 40 18
487 37 17
488 34 18
489 32 18
490 30 22
491 29 26
492 30 31
493 34 33
494 40 36
495 46 38
496 50 40
497 51 41
498 49 40
499 46 38
